%YAML:1.0
---
Digit: !!opencv-matrix
   rows: 33
   cols: 225
   dt: f
   data: [ 0., 0., 0., 0., 0., 0., 0., 255., 255., 255., 255., 255., 0.,
       0., 0., 0., 0., 0., 0., 0., 0., 0., 255., 255., 255., 255., 0.,
       0., 0., 0., 0., 0., 0., 0., 0., 8., 255., 255., 255., 255., 0.,
       0., 0., 0., 0., 0., 0., 0., 0., 0., 255., 255., 255., 255., 0.,
       0., 0., 0., 0., 0., 0., 0., 0., 0., 255., 255., 255., 255., 0.,
       0., 0., 0., 0., 0., 0., 0., 0., 0., 255., 255., 255., 255., 0.,
       0., 0., 0., 0., 0., 0., 0., 0., 0., 255., 255., 255., 255., 255.,
       255., 255., 255., 255., 144., 0., 0., 0., 0., 255., 255., 255.,
       255., 255., 255., 255., 255., 255., 255., 255., 255., 255., 0.,
       255., 255., 255., 255., 255., 0., 0., 0., 0., 0., 255., 255.,
       255., 255., 255., 255., 255., 255., 255., 0., 0., 0., 0., 0., 0.,
       0., 255., 255., 255., 255., 255., 255., 255., 255., 0., 0., 0.,
       0., 0., 0., 0., 255., 255., 255., 255., 255., 255., 255., 255.,
       0., 0., 0., 0., 0., 0., 0., 255., 255., 255., 255., 255., 255.,
       255., 255., 242., 0., 0., 0., 0., 205., 255., 255., 255., 255.,
       42., 0., 255., 255., 255., 255., 255., 255., 255., 255., 255.,
       255., 255., 255., 255., 0., 0., 0., 0., 145., 255., 255., 255.,
       255., 255., 255., 255., 0., 0., 0., 0., 0., 0., 0., 0., 0., 0.,
       0., 255., 255., 255., 255., 255., 255., 0., 0., 0., 0., 0., 0.,
       0., 0., 255., 255., 255., 255., 255., 255., 255., 0., 0., 0., 0.,
       0., 0., 0., 255., 255., 255., 255., 255., 255., 255., 255., 0.,
       0., 0., 0., 0., 0., 0., 255., 255., 255., 255., 255., 255., 255.,
       255., 0., 0., 0., 0., 0., 0., 255., 255., 255., 255., 255., 255.,
       255., 255., 255., 0., 0., 0., 0., 0., 255., 255., 255., 255.,
       255., 255., 255., 255., 255., 255., 0., 0., 0., 0., 0., 255.,
       255., 255., 255., 166., 255., 255., 255., 255., 255., 0., 0., 0.,
       0., 255., 255., 255., 255., 255., 0., 255., 255., 255., 255.,
       255., 0., 0., 0., 166., 255., 255., 255., 255., 0., 0., 255.,
       255., 255., 255., 255., 0., 0., 0., 255., 255., 255., 255., 255.,
       255., 255., 255., 255., 255., 255., 255., 255., 255., 255., 255.,
       255., 255., 255., 255., 255., 255., 255., 255., 255., 255., 255.,
       255., 255., 255., 255., 255., 255., 255., 255., 255., 255., 255.,
       255., 255., 255., 255., 255., 255., 0., 0., 0., 0., 0., 0., 0.,
       0., 255., 255., 255., 255., 255., 0., 0., 0., 0., 0., 0., 0., 0.,
       0., 0., 255., 255., 255., 255., 255., 0., 0., 0., 0., 0., 0., 0.,
       0., 0., 0., 255., 255., 255., 255., 255., 0., 0., 0., 0., 0.,
       255., 255., 255., 255., 255., 255., 255., 255., 255., 0., 0., 0.,
       0., 255., 255., 255., 255., 255., 255., 255., 255., 255., 255.,
       255., 255., 255., 0., 255., 255., 255., 255., 255., 255., 255.,
       0., 255., 255., 255., 255., 255., 255., 255., 255., 255., 255.,
       255., 255., 255., 0., 0., 0., 255., 255., 255., 255., 255., 255.,
       255., 255., 255., 255., 255., 255., 0., 0., 0., 255., 255., 255.,
       255., 255., 255., 255., 255., 255., 255., 255., 255., 0., 0., 0.,
       255., 255., 255., 255., 255., 255., 255., 255., 255., 255., 255.,
       255., 0., 0., 0., 255., 255., 255., 255., 255., 255., 255., 255.,
       255., 255., 255., 255., 0., 0., 0., 255., 255., 255., 255., 255.,
       255., 255., 255., 255., 255., 255., 255., 0., 0., 0., 255., 255.,
       255., 255., 255., 255., 255., 255., 255., 255., 255., 255., 0.,
       0., 0., 255., 255., 255., 255., 255., 255., 255., 255., 255.,
       255., 255., 255., 0., 0., 0., 255., 255., 255., 255., 255., 255.,
       255., 255., 255., 255., 255., 255., 0., 0., 0., 255., 255., 255.,
       255., 255., 255., 255., 255., 255., 255., 255., 255., 255., 0.,
       255., 255., 255., 255., 255., 255., 255., 0., 255., 255., 255.,
       255., 255., 255., 255., 255., 255., 255., 255., 255., 255., 0.,
       0., 0., 0., 255., 255., 255., 255., 255., 255., 255., 255., 255.,
       0., 0., 0., 0., 0., 0., 0., 255., 255., 255., 255., 255., 255.,
       255., 255., 0., 0., 0., 0., 54., 255., 255., 255., 255., 255.,
       255., 255., 255., 255., 255., 255., 201., 0., 0., 255., 255.,
       255., 255., 255., 255., 0., 255., 255., 255., 255., 255., 255.,
       0., 255., 255., 255., 255., 255., 255., 0., 0., 0., 255., 255.,
       255., 255., 255., 255., 255., 255., 255., 255., 255., 144., 0.,
       0., 0., 255., 255., 255., 255., 255., 255., 0., 0., 0., 0., 0.,
       0., 0., 0., 0., 255., 255., 255., 255., 255., 255., 0., 0., 0.,
       0., 0., 0., 0., 179., 255., 255., 255., 255., 255., 255., 0., 0.,
       0., 0., 0., 0., 0., 255., 255., 255., 255., 255., 255., 255., 0.,
       0., 0., 0., 0., 0., 76., 255., 255., 255., 255., 255., 255., 179.,
       0., 0., 0., 0., 0., 0., 255., 255., 255., 255., 255., 255., 255.,
       0., 0., 0., 0., 0., 0., 0., 255., 255., 255., 255., 255., 255.,
       246., 0., 0., 0., 0., 0., 0., 0., 255., 255., 255., 255., 255.,
       255., 0., 0., 0., 0., 0., 0., 0., 0., 0., 255., 255., 255., 255.,
       255., 255., 255., 255., 255., 255., 255., 255., 255., 255., 255.,
       255., 255., 255., 255., 255., 255., 255., 255., 255., 255., 255.,
       255., 255., 255., 255., 255., 255., 255., 255., 255., 255., 255.,
       255., 255., 255., 255., 255., 255., 255., 0., 0., 0., 0., 255.,
       255., 255., 255., 255., 255., 255., 0., 0., 0., 0., 0., 0., 255.,
       255., 255., 255., 255., 255., 255., 255., 255., 255., 127., 0.,
       0., 0., 255., 255., 255., 255., 255., 213., 0., 213., 255., 255.,
       255., 255., 255., 0., 0., 255., 255., 255., 255., 0., 0., 0., 0.,
       0., 255., 255., 255., 255., 0., 255., 255., 255., 255., 255., 0.,
       0., 0., 0., 0., 255., 255., 255., 255., 255., 255., 255., 255.,
       255., 255., 0., 0., 0., 0., 0., 255., 255., 255., 255., 255.,
       255., 255., 255., 255., 255., 0., 0., 0., 0., 0., 255., 255.,
       255., 255., 255., 255., 255., 255., 255., 255., 0., 0., 0., 0.,
       0., 255., 255., 255., 255., 255., 255., 255., 255., 255., 255.,
       0., 0., 0., 0., 0., 255., 255., 255., 255., 255., 255., 255.,
       255., 255., 255., 0., 0., 0., 0., 0., 255., 255., 255., 255.,
       255., 255., 255., 255., 255., 255., 0., 0., 0., 0., 0., 255.,
       255., 255., 255., 255., 0., 255., 255., 255., 255., 0., 0., 0.,
       0., 0., 255., 255., 255., 255., 0., 0., 255., 255., 255., 255.,
       255., 213., 0., 213., 255., 255., 255., 255., 255., 0., 0., 0.,
       255., 255., 255., 255., 255., 255., 255., 255., 255., 255., 255.,
       0., 0., 0., 0., 0., 0., 255., 255., 255., 255., 255., 255., 255.,
       0., 0., 0., 0., 0., 0., 0., 0., 255., 255., 255., 255., 255.,
       255., 0., 0., 0., 0., 0., 0., 0., 255., 255., 255., 255., 255.,
       255., 255., 255., 255., 255., 0., 0., 0., 0., 255., 255., 255.,
       255., 237., 7., 213., 255., 255., 255., 255., 255., 106., 0.,
       255., 255., 255., 255., 255., 0., 0., 0., 0., 207., 255., 255.,
       255., 255., 0., 255., 255., 255., 255., 0., 0., 0., 0., 0., 0.,
       255., 255., 255., 255., 255., 255., 255., 255., 255., 0., 0., 0.,
       0., 0., 0., 255., 255., 255., 255., 255., 255., 255., 255., 255.,
       255., 0., 0., 0., 0., 144., 255., 255., 255., 255., 255., 0.,
       255., 255., 255., 255., 255., 0., 0., 255., 255., 255., 255.,
       255., 255., 255., 0., 0., 255., 255., 255., 255., 255., 255.,
       255., 255., 255., 255., 255., 255., 255., 0., 0., 0., 0., 247.,
       255., 255., 255., 247., 0., 255., 255., 255., 255., 255., 0., 0.,
       0., 0., 0., 0., 0., 0., 0., 0., 255., 255., 255., 255., 255.,
       145., 255., 255., 255., 255., 0., 0., 0., 0., 144., 255., 255.,
       255., 255., 0., 0., 255., 255., 255., 255., 255., 7., 0., 255.,
       255., 255., 255., 255., 76., 0., 0., 76., 255., 255., 255., 255.,
       255., 255., 255., 255., 255., 255., 0., 0., 0., 0., 0., 0., 255.,
       255., 255., 255., 255., 255., 255., 0., 0., 0., 0., 0., 0., 0.,
